16384
40960
44886
19465
855
28688
5137
24
30750
55329
31788
1069
10287
41009
52276
41013
6199
4152
39998
31812
17478
31817
48694
2125
44111
19538
47188
27733
13399
1722
12383
1122
36963
11365
10342
34922
41067
9325
15037
45170
24254
48246
22647
42105
21963
10097
53378
31875
16517
10374
15501
53391
24146
54421
39062
3224
16538
18594
50340
2929
24745
22698
32941
46256
14536
3252
181
49335
54458
17098
47294
23743
36038
35016
28876
31948
28882
22051
20004
1247
231
31976
6077
41164
1407
45309
27903
26880
4354
19716
22697
27925
46363
31621
7459
41256
36143
18736
45960
20786
50484
5433
36165
330
21839
29008
39249
11602
46419
50519
26972
32100
32102
32106
1767
14706
38259
48500
23925
38263
49535
52609
13699
49543
47497
42188
41101
45462
50376
12701
40357
11690
35243
36269
48558
43447
13752
27067
26044
19901
39363
30148
31179
11724
53709
36304
51666
53721
20964
35750
24145
45544
49642
33261
765
20982
32252
34218
8704
24067
32684
26711
14861
41389
6672
53848
32276
47534
49687
8733
542
2591
29217
42530
6691
17956
12840
45660
52780
20015
43569
39478
46650
24126
15942
2631
43592
38474
22091
31842
2640
2641
32338
13908
39510
27223
8792
8796
37471
16997
8811
29292
19053
38511
24176
39539
19390
41590
4727
36473
48766
45695
33411
24197
44685
16014
11919
31378
9879
23193
17053
43678
27299
682
50290
31412
7866
35517
30398
40639
29379
8901
27334
14023
9930
23243
17209
13738
43129
49884
5549
10983
47853
21232
758
2809
4861
51968
8961
27394
20228
47880
29484
32525
25363
7956
14101
40728
17179
38688
6949
54055
49964
13102
35633
43827
36660
52021
10039
49977
27463
6986
53047
4942
12076
8022
20311
13144
9052
16869
52064
23395
19304
19306
39787
51056
52081
43896
44922
9706
27518
53397
24726
35719
29576
33673
39818
22412
910
44943
50073
30874
48031
934
20967
53019
4009
37803
33708
43949
22173
7088
48052
18762
30654
17344
9156
16886
1992
21495
3442
10190
7120
38866
50770
4060
39902
40929
32763
55269
17392
28657
4085
44022
53417
16503
25596
1125
