40960
15037
44886
19465
20311
43949
5137
32276
542
2591
55329
42530
22051
17956
12840
26972
31788
1069
20015
41009
41013
39478
3252
4861
15942
43592
31817
38474
2641
24146
13908
39510
13399
8792
8796
12383
1122
36963
16997
34922
8811
29292
19053
38511
45170
39539
24254
48246
16503
43129
48766
53378
31875
15501
16014
53391
54421
39062
9879
30874
17053
27299
19390
53417
682
32941
46256
14536
31412
181
49335
54458
35517
30398
8901
27334
14023
50376
28876
9930
23243
41164
49884
1247
5549
10983
31976
6077
758
2809
49535
45309
26880
12076
32525
25363
42188
17179
231
38688
6949
54055
41256
35719
29484
13102
36143
35633
43827
36660
10039
49977
11365
36165
27463
330
53047
4942
21839
29008
46419
7956
50519
9052
5433
16869
1407
23395
32100
39787
2929
33411
23925
43896
9706
27518
53397
13699
50290
49543
45960
33673
39818
22412
910
41101
41067
21495
50073
12701
48031
934
20967
53019
4009
13738
41389
53848
48052
27067
6986
30654
39363
30148
17098
31179
11724
53709
10190
53721
55269
24145
45544
25596
49642
33261
765
28657
44022
22697
47188
32252
22698
